Download Winning Numbers from www.calottery.com on 7/20/2014 5:44:10 PM for MEGA MILLIONS

Draw #     Draw Date             Number_1    Number_2    Number_3    Number_4    Number_5     Mega
------  -----------------        --------    --------    --------    --------    --------    ------

947     Fri. Jul 18, 2014          5          8          59          65          72          3     
946     Tue. Jul 15, 2014          2          4          17          36          40          5     
945     Fri. Jul 11, 2014          9          13          30          35          69          10     
944     Tue. Jul 08, 2014          14          25          27          48          49          9     
943     Fri. Jul 04, 2014          16          33          39          58          69          2     
942     Tue. Jul 01, 2014          9          22          38          47          49          15     
941     Fri. Jun 27, 2014          15          29          31          46          64          10     
940     Tue. Jun 24, 2014          13          17          24          47          65          10     
939     Fri. Jun 20, 2014          1          22          25          29          56          3     
938     Tue. Jun 17, 2014          10          14          24          47          60          3     
937     Fri. Jun 13, 2014          7          38          46          49          56          1     
936     Tue. Jun 10, 2014          2          10          24          26          74          7     
935     Fri. Jun 06, 2014          12          29          37          49          72          9     
934     Tue. Jun 03, 2014          19          28          62          66          74          6     
933     Fri. May 30, 2014          10          13          42          43          62          2     
932     Tue. May 27, 2014          1          6          10          46          58          13     
931     Fri. May 23, 2014          12          14          21          38          70          15     
930     Tue. May 20, 2014          10          40          63          64          69          7     
929     Fri. May 16, 2014          13          14          16          50          56          11     
928     Tue. May 13, 2014          37          46          48          70          74          1     
927     Fri. May 09, 2014          10          28          39          51          59          14     
926     Tue. May 06, 2014          18          20          27          48          51          5     
925     Fri. May 02, 2014          1          18          26          35          40          13     
924     Tue. Apr 29, 2014          7          43          59          61          66          3     
923     Fri. Apr 25, 2014          3          11          18          20          66          9     
922     Tue. Apr 22, 2014          2          18          19          49          50          1     
921     Fri. Apr 18, 2014          18          25          38          45          63          9     
920     Tue. Apr 15, 2014          4          39          46          47          70          13     
919     Fri. Apr 11, 2014          3          42          44          47          57          8     
918     Tue. Apr 08, 2014          35          36          41          60          71          3     
917     Fri. Apr 04, 2014          1          10          15          41          54          9     
916     Tue. Apr 01, 2014          10          23          68          74          75          9     
915     Fri. Mar 28, 2014          2          3          9          50          73          12     
914     Tue. Mar 25, 2014          19          26          51          57          73          15     
913     Fri. Mar 21, 2014          2          23          30          35          53          10     
912     Tue. Mar 18, 2014          11          19          24          33          51          7     
911     Fri. Mar 14, 2014          7          20          40          54          69          12     
910     Tue. Mar 11, 2014          9          14          56          57          69          10     
909     Fri. Mar 07, 2014          11          13          51          57          69          1     
908     Tue. Mar 04, 2014          10          29          31          35          45          10     
907     Fri. Feb 28, 2014          3          31          50          58          59          6     
906     Tue. Feb 25, 2014          12          18          25          35          66          15     
905     Fri. Feb 21, 2014          23          29          32          45          46          15     
904     Tue. Feb 18, 2014          23          29          31          37          70          14     
903     Fri. Feb 14, 2014          20          28          35          71          72          7     
902     Tue. Feb 11, 2014          43          64          67          71          73          4     
901     Fri. Feb 07, 2014          11          21          23          35          64          10     
900     Tue. Feb 04, 2014          25          44          49          60          73          9     
899     Fri. Jan 31, 2014          3          9          13          47          52          8     
898     Tue. Jan 28, 2014          7          16          28          53          60          2     
897     Fri. Jan 24, 2014          22          45          46          47          65          10     
896     Tue. Jan 21, 2014          8          23          33          45          52          4     
895     Fri. Jan 17, 2014          1          10          26          31          51          11     
894     Tue. Jan 14, 2014          4          23          26          62          69          13     
893     Fri. Jan 10, 2014          8          28          36          37          57          8     
892     Tue. Jan 07, 2014          13          34          56          62          64          6     
891     Fri. Jan 03, 2014          22          24          25          40          70          5     
890     Tue. Dec 31, 2013          8          12          34          52          58          8     
889     Fri. Dec 27, 2013          4          15          35          48          49          11     
888     Tue. Dec 24, 2013          23          34          53          58          73          2     
887     Fri. Dec 20, 2013          3          4          31          49          57          6     
886     Tue. Dec 17, 2013          8          14          17          20          39          7     
885     Fri. Dec 13, 2013          19          24          26          27          70          12     
884     Tue. Dec 10, 2013          5          12          22          41          65          13     
883     Fri. Dec 06, 2013          11          29          44          63          64          3     
882     Tue. Dec 03, 2013          7          12          41          44          59          3     
881     Fri. Nov 29, 2013          9          41          43          47          57          5     
880     Tue. Nov 26, 2013          27          44          59          74          75          3     
879     Fri. Nov 22, 2013          17          23          35          36          44          8     
878     Tue. Nov 19, 2013          14          15          29          49          63          2     
877     Fri. Nov 15, 2013          25          44          49          54          63          8     
876     Tue. Nov 12, 2013          20          30          32          42          71          15     
875     Fri. Nov 08, 2013          41          42          51          57          65          7     
874     Tue. Nov 05, 2013          2          11          42          64          74          2     
873     Fri. Nov 01, 2013          32          35          49          62          67          1     
872     Tue. Oct 29, 2013          20          33          50          53          54          7     
871     Fri. Oct 25, 2013          6          16          45          54          60          15     
870     Tue. Oct 22, 2013          2          3          19          52          71          14     
869     Fri. Oct 18, 2013          5          20          45          48          56          1     
868     Tue. Oct 15, 2013          4          23          30          43          50          11     
867     Fri. Oct 11, 2013          3          27          37          45          48          46     
866     Tue. Oct 08, 2013          6          15          19          23          40          5     
865     Fri. Oct 04, 2013          4          16          24          25          44          5     
864     Tue. Oct 01, 2013          7          10          30          37          53          1     
863     Fri. Sep 27, 2013          9          23          27          49          51          38     
862     Tue. Sep 24, 2013          4          11          32          39          40          33     
861     Fri. Sep 20, 2013          1          15          20          21          47          34     
860     Tue. Sep 17, 2013          6          15          27          31          39          25     
859     Fri. Sep 13, 2013          9          22          28          48          54          8     
858     Tue. Sep 10, 2013          2          12          18          54          56          1     
857     Fri. Sep 06, 2013          2          16          17          22          41          31     
856     Tue. Sep 03, 2013          4          13          14          28          41          28     
855     Fri. Aug 30, 2013          6          19          24          43          44          33     
854     Tue. Aug 27, 2013          4          7          30          36          38          38     
853     Fri. Aug 23, 2013          1          9          17          20          53          14     
852     Tue. Aug 20, 2013          13          28          35          38          41          33     
851     Fri. Aug 16, 2013          7          13          26          36          46          37     
850     Tue. Aug 13, 2013          2          31          32          37          41          40     
849     Fri. Aug 09, 2013          11          20          30          34          38          12     
848     Tue. Aug 06, 2013          1          11          16          51          55          41     
847     Fri. Aug 02, 2013          8          21          23          25          39          4     
846     Tue. Jul 30, 2013          25          27          36          42          44          39     
845     Fri. Jul 26, 2013          4          22          23          27          38          42     
844     Tue. Jul 23, 2013          25          32          35          50          51          46     
843     Fri. Jul 19, 2013          16          20          24          39          42          46     
842     Tue. Jul 16, 2013          10          14          21          40          53          20     
841     Fri. Jul 12, 2013          4          5          25          27          51          10     
840     Tue. Jul 09, 2013          3          21          43          45          48          14     
839     Fri. Jul 05, 2013          2          23          41          47          54          42     
838     Tue. Jul 02, 2013          36          42          51          52          53          40     
837     Fri. Jun 28, 2013          8          15          35          46          52          38     
836     Tue. Jun 25, 2013          3          5          28          33          51          16     
835     Fri. Jun 21, 2013          3          14          17          40          50          3     
834     Tue. Jun 18, 2013          6          17          34          40          48          30     
833     Fri. Jun 14, 2013          2          5          31          33          34          20     
832     Tue. Jun 11, 2013          15          40          45          50          53          28     
831     Fri. Jun 07, 2013          1          10          37          48          55          21     
830     Tue. Jun 04, 2013          10          11          12          20          55          19     
829     Fri. May 31, 2013          2          20          26          44          46          26     
828     Tue. May 28, 2013          4          12          25          32          54          36     
827     Fri. May 24, 2013          4          5          16          18          53          28     
826     Tue. May 21, 2013          2          15          17          48          55          11     
825     Fri. May 17, 2013          11          15          35          43          49          41     
824     Tue. May 14, 2013          6          10          12          28          32          38     
823     Fri. May 10, 2013          1          19          20          39          49          28     
822     Tue. May 07, 2013          1          6          13          20          51          31     
821     Fri. May 03, 2013          2          20          34          42          54          39     
820     Tue. Apr 30, 2013          21          30          34          39          49          43     
819     Fri. Apr 26, 2013          17          42          49          54          55          31     
818     Tue. Apr 23, 2013          9          21          22          32          50          10     
817     Fri. Apr 19, 2013          6          8          12          22          43          28     
816     Tue. Apr 16, 2013          2          5          15          18          39          42     
815     Fri. Apr 12, 2013          1          10          13          19          21          28     
814     Tue. Apr 09, 2013          17          30          41          48          54          13     
813     Fri. Apr 05, 2013          8          15          23          36          41          5     
812     Tue. Apr 02, 2013          7          10          14          40          47          34     
811     Fri. Mar 29, 2013          25          31          36          46          53          21     
810     Tue. Mar 26, 2013          20          33          46          49          51          46     
809     Fri. Mar 22, 2013          14          27          34          37          41          38     
808     Tue. Mar 19, 2013          3          6          14          21          37          35     
807     Fri. Mar 15, 2013          4          8          17          22          32          8     
806     Tue. Mar 12, 2013          9          12          19          20          30          39     
805     Fri. Mar 08, 2013          4          11          25          34          35          44     
804     Tue. Mar 05, 2013          6          20          39          41          46          42     
803     Fri. Mar 01, 2013          17          30          38          43          51          20     
802     Tue. Feb 26, 2013          6          7          13          15          43          7     
801     Fri. Feb 22, 2013          9          13          24          38          49          30     
800     Tue. Feb 19, 2013          1          15          19          30          56          28     
799     Fri. Feb 15, 2013          11          35          41          42          44          42     
798     Tue. Feb 12, 2013          9          22          32          38          55          44     
797     Fri. Feb 08, 2013          6          15          20          39          50          5     
796     Tue. Feb 05, 2013          2          5          10          26          44          46     
795     Fri. Feb 01, 2013          1          30          32          40          41          17     
794     Tue. Jan 29, 2013          8          12          27          46          47          6     
793     Fri. Jan 25, 2013          11          12          17          31          48          1     
792     Tue. Jan 22, 2013          7          11          16          39          54          13     
791     Fri. Jan 18, 2013          8          18          25          42          49          14     
790     Tue. Jan 15, 2013          1          6          12          19          41          14     
789     Fri. Jan 11, 2013          24          29          30          34          56          1     
788     Tue. Jan 08, 2013          3          20          21          38          42          19     
787     Fri. Jan 04, 2013          1          2          23          25          55          39     
786     Tue. Jan 01, 2013          4          11          21          25          44          29     
785     Fri. Dec 28, 2012          10          13          32          40          41          32     
784     Tue. Dec 25, 2012          2          3          18          34          48          36     
783     Fri. Dec 21, 2012          3          18          32          41          56          19     
782     Tue. Dec 18, 2012          1          6          7          18          29          16     
781     Fri. Dec 14, 2012          11          28          33          41          43          41     
780     Tue. Dec 11, 2012          39          44          51          52          54          13     
779     Fri. Dec 07, 2012          7          43          44          51          56          4     
778     Tue. Dec 04, 2012          3          19          24          32          43          44     
777     Fri. Nov 30, 2012          11          22          24          28          31          46     
776     Tue. Nov 27, 2012          5          12          26          42          49          24     
775     Fri. Nov 23, 2012          8          37          44          47          48          27     
774     Tue. Nov 20, 2012          9          13          22          38          52          44     
773     Fri. Nov 16, 2012          5          24          26          29          53          36     
772     Tue. Nov 13, 2012          6          12          31          46          56          34     
771     Fri. Nov 09, 2012          18          22          33          35          40          11     
770     Tue. Nov 06, 2012          3          5          13          32          35          6     
769     Fri. Nov 02, 2012          4          18          22          38          44          24     
768     Tue. Oct 30, 2012          5          12          18          29          56          38     
767     Fri. Oct 26, 2012          4          15          24          36          40          44     
766     Tue. Oct 23, 2012          1          17          42          46          55          1     
765     Fri. Oct 19, 2012          14          34          36          48          53          42     
764     Tue. Oct 16, 2012          13          37          40          46          52          29     
763     Fri. Oct 12, 2012          6          10          24          26          42          15     
762     Tue. Oct 09, 2012          6          15          16          22          37          3     
761     Fri. Oct 05, 2012          8          9          16          32          39          15     
760     Tue. Oct 02, 2012          10          11          20          42          55          9     
759     Fri. Sep 28, 2012          6          8          14          43          56          28     
758     Tue. Sep 25, 2012          7          8          23          50          51          26     
757     Fri. Sep 21, 2012          3          13          14          46          55          34     
756     Tue. Sep 18, 2012          5          9          22          36          49          36     
755     Fri. Sep 14, 2012          16          17          21          40          51          20     
754     Tue. Sep 11, 2012          5          11          20          33          36          11     
753     Fri. Sep 07, 2012          15          32          38          42          46          31     
752     Tue. Sep 04, 2012          16          32          39          41          53          16     
751     Fri. Aug 31, 2012          31          40          41          47          48          45     
750     Tue. Aug 28, 2012          4          9          40          45          50          39     
749     Fri. Aug 24, 2012          25          34          45          46          49          34     
748     Tue. Aug 21, 2012          5          13          20          23          33          30     
747     Fri. Aug 17, 2012          8          20          24          35          56          24     
746     Tue. Aug 14, 2012          15          23          34          39          55          32     
745     Fri. Aug 10, 2012          10          18          36          38          44          8     
744     Tue. Aug 07, 2012          30          32          33          42          48          7     
743     Fri. Aug 03, 2012          2          10          13          38          46          2     
742     Tue. Jul 31, 2012          5          18          21          29          41          37     
741     Fri. Jul 27, 2012          2          3          4          8          43          26     
740     Tue. Jul 24, 2012          5          9          38          46          51          5     
739     Fri. Jul 20, 2012          2          44          48          50          52          3     
738     Tue. Jul 17, 2012          1          13          21          49          55          17     
737     Fri. Jul 13, 2012          6          7          13          24          46          34     
736     Tue. Jul 10, 2012          3          11          19          23          36          21     
735     Fri. Jul 06, 2012          20          23          28          35          39          21     
734     Tue. Jul 03, 2012          3          4          24          36          52          45     
733     Fri. Jun 29, 2012          28          34          39          45          53          34     
732     Tue. Jun 26, 2012          3          16          23          35          36          20     
731     Fri. Jun 22, 2012          10          16          19          32          36          13     
730     Tue. Jun 19, 2012          11          21          27          30          53          11     
729     Fri. Jun 15, 2012          8          12          18          30          40          4     
728     Tue. Jun 12, 2012          2          9          17          34          50          45     
727     Fri. Jun 08, 2012          4          9          34          40          48          25     
726     Tue. Jun 05, 2012          37          39          42          53          55          22     
725     Fri. Jun 01, 2012          2          27          38          46          52          45     
724     Tue. May 29, 2012          2          14          29          53          55          31     
723     Fri. May 25, 2012          9          15          21          40          54          11     
722     Tue. May 22, 2012          10          14          35          43          52          16     
721     Fri. May 18, 2012          3          11          22          34          49          1     
720     Tue. May 15, 2012          10          11          12          14          24          6     
719     Fri. May 11, 2012          3          15          29          35          54          8     
718     Tue. May 08, 2012          2          6          8          18          51          19     
717     Fri. May 04, 2012          4          11          21          42          53          38     
716     Tue. May 01, 2012          24          27          31          45          52          38     
715     Fri. Apr 27, 2012          2          5          45          46          47          37     
714     Tue. Apr 24, 2012          3          9          15          37          38          39     
713     Fri. Apr 20, 2012          14          23          26          33          35          40     
712     Tue. Apr 17, 2012          1          16          24          32          48          2     
711     Fri. Apr 13, 2012          9          14          17          36          42          33     
710     Tue. Apr 10, 2012          2          6          12          31          48          25     
709     Fri. Apr 06, 2012          2          19          20          24          33          39     
708     Tue. Apr 03, 2012          11          35          38          41          52          40     
707     Fri. Mar 30, 2012          2          4          23          38          46          23     
706     Tue. Mar 27, 2012          9          19          34          44          51          24     
705     Fri. Mar 23, 2012          6          17          19          20          21          20     
704     Tue. Mar 20, 2012          1          4          6          11          14          30     
703     Fri. Mar 16, 2012          28          29          43          51          53          7     
702     Tue. Mar 13, 2012          2          8          30          36          48          31     
701     Fri. Mar 09, 2012          9          10          27          36          42          11     
700     Tue. Mar 06, 2012          20          24          31          33          36          44     
699     Fri. Mar 02, 2012          16          29          48          52          54          5     
698     Tue. Feb 28, 2012          6          15          29          39          51          36     
697     Fri. Feb 24, 2012          1          16          18          25          27          3     
696     Tue. Feb 21, 2012          9          30          39          42          47          37     
695     Fri. Feb 17, 2012          16          25          28          32          40          3     
694     Tue. Feb 14, 2012          3          5          10          26          27          27     
693     Fri. Feb 10, 2012          3          4          18          29          50          20     
692     Tue. Feb 07, 2012          17          23          30          37          45          4     
691     Fri. Feb 03, 2012          7          19          21          49          53          35     
690     Tue. Jan 31, 2012          9          17          18          28          43          9     
689     Fri. Jan 27, 2012          3          5          30          36          48          23     
688     Tue. Jan 24, 2012          10          22          24          36          49          33     
687     Fri. Jan 20, 2012          1          9          28          38          47          8     
686     Tue. Jan 17, 2012          3          15          31          36          53          27     
685     Fri. Jan 13, 2012          10          27          28          37          51          19     
684     Tue. Jan 10, 2012          4          10          16          38          48          34     
683     Fri. Jan 06, 2012          9          17          28          34          48          46     
682     Tue. Jan 03, 2012          2          3          15          22          36          23     
681     Fri. Dec 30, 2011          4          24          45          46          52          1     
680     Tue. Dec 27, 2011          23          32          33          39          43          8     
679     Fri. Dec 23, 2011          3          5          8          18          29          14     
678     Tue. Dec 20, 2011          20          24          27          45          51          31     
677     Fri. Dec 16, 2011          2          4          26          36          39          27     
676     Tue. Dec 13, 2011          5          6          22          26          41          6     
675     Fri. Dec 09, 2011          4          12          29          49          51          44     
674     Tue. Dec 06, 2011          7          21          29          35          49          39     
673     Fri. Dec 02, 2011          24          30          48          51          56          45     
672     Tue. Nov 29, 2011          17          29          43          48          52          36     
671     Fri. Nov 25, 2011          22          28          42          49          54          43     
670     Tue. Nov 22, 2011          4          16          23          33          48          38     
669     Fri. Nov 18, 2011          4          13          33          39          55          3     
668     Tue. Nov 15, 2011          3          6          24          30          33          21     
667     Fri. Nov 11, 2011          2          16          22          29          50          27     
666     Tue. Nov 08, 2011          5          31          45          47          54          4     
665     Fri. Nov 04, 2011          26          30          32          33          44          1     
664     Tue. Nov 01, 2011          27          31          39          40          46          36     
663     Fri. Oct 28, 2011          13          31          49          52          56          41     
662     Tue. Oct 25, 2011          13          33          40          44          46          8     
661     Fri. Oct 21, 2011          6          21          35          37          38          17     
660     Tue. Oct 18, 2011          24          25          45          47          53          42     
659     Fri. Oct 14, 2011          13          35          42          45          54          26     
658     Tue. Oct 11, 2011          25          34          38          44          56          27     
657     Fri. Oct 07, 2011          5          15          19          23          38          19     
656     Tue. Oct 04, 2011          3          26          40          45          52          11     
655     Fri. Sep 30, 2011          3          19          21          44          45          29     
654     Tue. Sep 27, 2011          2          20          28          36          45          37     
653     Fri. Sep 23, 2011          21          27          32          40          52          36     
652     Tue. Sep 20, 2011          6          29          38          50          51          39     
651     Fri. Sep 16, 2011          6          23          41          45          56          24     
650     Tue. Sep 13, 2011          22          31          43          48          56          45     
649     Fri. Sep 09, 2011          7          12          19          23          31          45     
648     Tue. Sep 06, 2011          1          36          38          42          49          19     
647     Fri. Sep 02, 2011          25          44          48          49          55          20     
646     Tue. Aug 30, 2011          2          22          25          28          50          18     
645     Fri. Aug 26, 2011          2          3          27          30          47          36     
644     Tue. Aug 23, 2011          11          21          44          48          49          23     
643     Fri. Aug 19, 2011          5          15          53          54          56          22     
642     Tue. Aug 16, 2011          4          38          41          42          43          44     
641     Fri. Aug 12, 2011          9          43          51          54          55          13     
640     Tue. Aug 09, 2011          11          19          39          45          54          15     
639     Fri. Aug 05, 2011          6          24          28          33          42          19     
638     Tue. Aug 02, 2011          14          17          19          20          32          28     
637     Fri. Jul 29, 2011          8          10          22          47          48          35     
636     Tue. Jul 26, 2011          20          25          35          52          55          10     
635     Fri. Jul 22, 2011          23          31          32          39          56          38     
634     Tue. Jul 19, 2011          2          9          10          16          35          40     
633     Fri. Jul 15, 2011          16          29          30          46          56          6     
632     Tue. Jul 12, 2011          3          9          11          44          49          9     
631     Fri. Jul 08, 2011          1          2          22          37          50          45     
630     Tue. Jul 05, 2011          1          10          13          18          46          19     
629     Fri. Jul 01, 2011          12          17          30          35          47          26     
628     Tue. Jun 28, 2011          12          17          27          47          48          33     
627     Fri. Jun 24, 2011          10          14          40          49          51          4     
626     Tue. Jun 21, 2011          11          24          25          31          46          17     
625     Fri. Jun 17, 2011          12          29          46          47          51          24     
624     Tue. Jun 14, 2011          9          10          20          51          53          24     
623     Fri. Jun 10, 2011          18          21          27          37          38          7     
622     Tue. Jun 07, 2011          29          32          35          47          52          13     
621     Fri. Jun 03, 2011          20          23          41          49          53          31     
620     Tue. May 31, 2011          28          30          31          37          55          13     
619     Fri. May 27, 2011          5          7          14          28          56          10     
618     Tue. May 24, 2011          9          12          21          42          43          42     
617     Fri. May 20, 2011          10          17          19          45          48          30     
616     Tue. May 17, 2011          1          2          17          25          48          45     
615     Fri. May 13, 2011          3          33          39          47          53          9     
614     Tue. May 10, 2011          11          16          34          40          51          34     
613     Fri. May 06, 2011          6          18          26          37          41          9     
612     Tue. May 03, 2011          1          16          29          36          50          16     
611     Fri. Apr 29, 2011          9          10          11          33          51          29     
610     Tue. Apr 26, 2011          19          29          32          38          55          15     
609     Fri. Apr 22, 2011          3          18          46          51          53          17     
608     Tue. Apr 19, 2011          20          24          32          45          51          43     
607     Fri. Apr 15, 2011          22          23          33          39          48          29     
606     Tue. Apr 12, 2011          10          23          39          41          45          15     
605     Fri. Apr 08, 2011          6          40          45          50          56          11     
604     Tue. Apr 05, 2011          1          19          20          31          36          9     
603     Fri. Apr 01, 2011          13          14          35          36          53          19     
602     Tue. Mar 29, 2011          6          15          23          34          38          43     
601     Fri. Mar 25, 2011          22          24          31          52          54          4     
600     Tue. Mar 22, 2011          1          14          35          50          53          43     
599     Fri. Mar 18, 2011          14          33          34          54          56          37     
598     Tue. Mar 15, 2011          10          11          12          28          43          45     
597     Fri. Mar 11, 2011          14          19          21          42          45          6     
596     Tue. Mar 08, 2011          3          17          19          41          55          24     
595     Fri. Mar 04, 2011          8          10          15          23          41          7     
594     Tue. Mar 01, 2011          1          12          19          20          47          25     
593     Fri. Feb 25, 2011          4          5          17          19          50          7     
592     Tue. Feb 22, 2011          15          22          23          48          55          31     
591     Fri. Feb 18, 2011          5          6          7          30          45          42     
590     Tue. Feb 15, 2011          17          18          24          35          39          18     
589     Fri. Feb 11, 2011          8          9          17          32          34          13     
588     Tue. Feb 08, 2011          25          35          36          47          48          18     
587     Fri. Feb 04, 2011          6          20          29          48          55          6     
586     Tue. Feb 01, 2011          16          22          23          26          35          31     
585     Fri. Jan 28, 2011          14          33          48          49          50          18     
584     Tue. Jan 25, 2011          5          8          31          46          50          4     
583     Fri. Jan 21, 2011          5          9          21          35          38          20     
582     Tue. Jan 18, 2011          4          27          29          38          45          5     
581     Fri. Jan 14, 2011          2          15          17          33          35          8     
580     Tue. Jan 11, 2011          1          4          11          16          45          37     
579     Fri. Jan 07, 2011          4          22          42          46          53          20     
578     Tue. Jan 04, 2011          4          8          15          25          47          42     
577     Fri. Dec 31, 2010          10          12          13          35          56          9     
576     Tue. Dec 28, 2010          6          18          36          40          49          7     
575     Fri. Dec 24, 2010          15          16          27          40          52          16     
574     Tue. Dec 21, 2010          8          11          12          31          32          29     
573     Fri. Dec 17, 2010          11          20          26          46          53          12     
572     Tue. Dec 14, 2010          18          22          25          31          38          29     
571     Fri. Dec 10, 2010          23          27          33          44          46          36     
570     Tue. Dec 07, 2010          4          38          45          53          54          9     
569     Fri. Dec 03, 2010          6          11          12          18          56          12     
568     Tue. Nov 30, 2010          11          16          19          47          53          2     
567     Fri. Nov 26, 2010          5          9          34          43          47          8     
566     Tue. Nov 23, 2010          2          6          12          34          35          33     
565     Fri. Nov 19, 2010          7          14          31          51          54          35     
564     Tue. Nov 16, 2010          1          26          27          39          46          21     
563     Fri. Nov 12, 2010          9          26          28          35          38          10     
562     Tue. Nov 09, 2010          8          26          28          33          53          11     
561     Fri. Nov 05, 2010          19          25          34          46          53          15     
560     Tue. Nov 02, 2010          1          3          12          16          54          46     
559     Fri. Oct 29, 2010          4          19          26          28          39          14     
558     Tue. Oct 26, 2010          15          21          30          31          32          26     
557     Fri. Oct 22, 2010          2          7          18          32          53          18     
556     Tue. Oct 19, 2010          2          9          14          37          42          41     
555     Fri. Oct 15, 2010          9          10          13          31          50          10     
554     Tue. Oct 12, 2010          10          31          36          37          43          15     
553     Fri. Oct 08, 2010          24          29          37          48          50          19     
552     Tue. Oct 05, 2010          10          19          24          37          44          27     
551     Fri. Oct 01, 2010          3          8          21          28          52          43     
550     Tue. Sep 28, 2010          2          10          13          36          38          18     
549     Fri. Sep 24, 2010          2          28          38          42          55          25     
548     Tue. Sep 21, 2010          3          20          43          47          52          26     
547     Fri. Sep 17, 2010          3          4          14          18          27          13     
546     Tue. Sep 14, 2010          6          14          50          55          56          1     
545     Fri. Sep 10, 2010          11          12          17          21          23          20     
544     Tue. Sep 07, 2010          8          18          22          24          38          23     
543     Fri. Sep 03, 2010          10          13          20          28          36          9     
542     Tue. Aug 31, 2010          10          20          29          47          48          38     
541     Fri. Aug 27, 2010          4          10          26          32          41          31     
540     Tue. Aug 24, 2010          4          23          24          28          32          31     
539     Fri. Aug 20, 2010          4          13          20          29          48          36     
538     Tue. Aug 17, 2010          11          19          40          43          44          33     
537     Fri. Aug 13, 2010          6          17          24          43          55          36     
536     Tue. Aug 10, 2010          2          14          26          50          56          12     
535     Fri. Aug 06, 2010          7          13          30          33          54          30     
534     Tue. Aug 03, 2010          4          13          20          22          56          32     
533     Fri. Jul 30, 2010          11          30          40          48          52          42     
532     Tue. Jul 27, 2010          2          7          10          16          29          8     
531     Fri. Jul 23, 2010          16          19          39          44          49          26     
530     Tue. Jul 20, 2010          12          18          28          36          43          19     
529     Fri. Jul 16, 2010          2          15          18          20          39          34     
528     Tue. Jul 13, 2010          7          11          14          15          34          14     
527     Fri. Jul 09, 2010          1          31          33          34          50          41     
526     Tue. Jul 06, 2010          8          18          45          47          50          36     
525     Fri. Jul 02, 2010          1          10          12          32          36          25     
524     Tue. Jun 29, 2010          3          4          15          27          37          35     
523     Fri. Jun 25, 2010          1          2          13          19          27          21     
522     Tue. Jun 22, 2010          12          17          21          23          30          24     
521     Fri. Jun 18, 2010          11          36          37          41          55          7     
520     Tue. Jun 15, 2010          4          12          13          21          27          46     
519     Fri. Jun 11, 2010          6          13          33          34          42          25     
518     Tue. Jun 08, 2010          12          18          28          48          54          6     
517     Fri. Jun 04, 2010          12          13          15          17          50          23     
516     Tue. Jun 01, 2010          12          27          44          45          51          30     
515     Fri. May 28, 2010          3          11          20          29          39          26     
514     Tue. May 25, 2010          5          14          17          19          24          25     
513     Fri. May 21, 2010          15          20          23          26          30          17     
512     Tue. May 18, 2010          11          13          19          37          40          26     
511     Fri. May 14, 2010          20          21          40          47          56          12     
510     Tue. May 11, 2010          26          33          43          46          54          9     
509     Fri. May 07, 2010          2          7          20          34          50          40     
508     Tue. May 04, 2010          9          21          31          36          43          8     
507     Fri. Apr 30, 2010          14          20          41          47          53          40     
506     Tue. Apr 27, 2010          23          37          41          50          55          6     
505     Fri. Apr 23, 2010          19          26          28          37          52          18     
504     Tue. Apr 20, 2010          5          8          10          34          42          25     
503     Fri. Apr 16, 2010          10          16          31          48          50          44     
502     Tue. Apr 13, 2010          3          12          27          39          47          32     
501     Fri. Apr 09, 2010          15          18          39          48          53          3     
500     Tue. Apr 06, 2010          16          43          44          52          56          26     
499     Fri. Apr 02, 2010          2          17          22          30          31          19     
498     Tue. Mar 30, 2010          1          11          24          38          44          41     
497     Fri. Mar 26, 2010          23          41          46          47          52          22     
496     Tue. Mar 23, 2010          3          25          28          29          40          13     
495     Fri. Mar 19, 2010          10          31          45          50          54          25     
494     Tue. Mar 16, 2010          3          22          48          52          56          13     
493     Fri. Mar 12, 2010          2          15          25          48          53          41     
492     Tue. Mar 09, 2010          14          16          18          19          29          16     
491     Fri. Mar 05, 2010          11          31          34          44          52          32     
490     Tue. Mar 02, 2010          9          12          47          48          56          25     
489     Fri. Feb 26, 2010          4          14          29          54          56          40     
488     Tue. Feb 23, 2010          4          16          36          40          53          18     
487     Fri. Feb 19, 2010          1          22          39          42          46          36     
486     Tue. Feb 16, 2010          11          12          21          29          45          5     
485     Fri. Feb 12, 2010          14          16          17          33          47          23     
484     Tue. Feb 09, 2010          2          17          20          26          48          12     
483     Fri. Feb 05, 2010          10          20          45          51          53          41     
482     Tue. Feb 02, 2010          6          7          26          27          49          9     
481     Fri. Jan 29, 2010          1          10          22          23          38          19     
480     Tue. Jan 26, 2010          7          8          38          39          48          22     
479     Fri. Jan 22, 2010          8          13          27          28          52          9     
478     Tue. Jan 19, 2010          4          5          34          38          41          18     
477     Fri. Jan 15, 2010          4          7          19          21          38          29     
476     Tue. Jan 12, 2010          5          9          31          37          56          16     
475     Fri. Jan 08, 2010          18          20          31          36          43          33     
474     Tue. Jan 05, 2010          13          28          39          50          55          10     
473     Fri. Jan 01, 2010          6          8          27          40          41          21     
472     Tue. Dec 29, 2009          2          5          29          35          51          3     
471     Fri. Dec 25, 2009          4          16          44          52          54          20     
470     Tue. Dec 22, 2009          3          33          35          39          45          13     
469     Fri. Dec 18, 2009          10          20          30          44          49          24     
468     Tue. Dec 15, 2009          27          31          32          36          47          35     
467     Fri. Dec 11, 2009          2          21          27          34          44          45     
466     Tue. Dec 08, 2009          20          23          28          30          46          29     
465     Fri. Dec 04, 2009          4          33          41          51          56          38     
464     Tue. Dec 01, 2009          17          30          39          52          53          21     
463     Fri. Nov 27, 2009          12          25          37          39          45          11     
462     Tue. Nov 24, 2009          10          11          35          37          50          12     
461     Fri. Nov 20, 2009          3          4          7          16          56          39     
460     Tue. Nov 17, 2009          8          22          27          49          50          28     
459     Fri. Nov 13, 2009          27          43          45          49          54          44     
458     Tue. Nov 10, 2009          8          21          29          34          37          15     
457     Fri. Nov 06, 2009          7          11          27          40          46          8     
456     Tue. Nov 03, 2009          5          18          23          31          38          20     
455     Fri. Oct 30, 2009          4          15          17          29          38          20     
454     Tue. Oct 27, 2009          7          13          37          46          51          2     
453     Fri. Oct 23, 2009          27          45          48          54          56          2     
452     Tue. Oct 20, 2009          13          17          25          45          55          8     
451     Fri. Oct 16, 2009          10          13          18          33          51          43     
450     Tue. Oct 13, 2009          17          31          34          45          51          24     
449     Fri. Oct 09, 2009          3          14          21          24          51          14     
448     Tue. Oct 06, 2009          9          33          51          53          56          39     
447     Fri. Oct 02, 2009          15          24          51          53          55          11     
446     Tue. Sep 29, 2009          2          21          25          45          50          21     
445     Fri. Sep 25, 2009          7          27          42          49          52          19     
444     Tue. Sep 22, 2009          26          29          33          39          46          24     
443     Fri. Sep 18, 2009          18          27          31          36          52          33     
442     Tue. Sep 15, 2009          29          30          32          35          41          39     
441     Fri. Sep 11, 2009          16          27          48          49          54          2     
440     Tue. Sep 08, 2009          4          10          18          28          50          35     
439     Fri. Sep 04, 2009          2          4          6          21          44          37     
438     Tue. Sep 01, 2009          2          9          28          51          53          19     
437     Fri. Aug 28, 2009          1          17          31          37          54          31     
436     Tue. Aug 25, 2009          3          12          19          22          40          2     
435     Fri. Aug 21, 2009          9          38          44          48          49          13     
434     Tue. Aug 18, 2009          4          5          26          37          56          25     
433     Fri. Aug 14, 2009          8          22          25          33          35          46     
432     Tue. Aug 11, 2009          6          12          15          32          42          40     
431     Fri. Aug 07, 2009          7          18          35          45          56          3     
430     Tue. Aug 04, 2009          1          28          34          42          50          27     
429     Fri. Jul 31, 2009          17          35          44          52          56          22     
428     Tue. Jul 28, 2009          4          17          24          25          48          34     
427     Fri. Jul 24, 2009          3          6          43          51          52          36     
426     Tue. Jul 21, 2009          3          8          21          50          52          2     
425     Fri. Jul 17, 2009          8          17          40          47          50          13     
424     Tue. Jul 14, 2009          20          29          35          45          53          41     
423     Fri. Jul 10, 2009          5          10          26          27          28          4     
422     Tue. Jul 07, 2009          25          27          35          38          39          28     
421     Fri. Jul 03, 2009          5          6          7          11          25          31     
420     Tue. Jun 30, 2009          7          34          49          54          55          34     
419     Fri. Jun 26, 2009          11          15          17          29          46          16     
418     Tue. Jun 23, 2009          12          14          16          31          50          9     
417     Fri. Jun 19, 2009          4          9          12          16          46          44     
416     Tue. Jun 16, 2009          9          15          21          26          45          25     
415     Fri. Jun 12, 2009          6          11          20          32          44          38     
414     Tue. Jun 09, 2009          5          17          31          36          56          46     
413     Fri. Jun 05, 2009          5          20          38          41          52          20     
412     Tue. Jun 02, 2009          9          13          26          30          35          33     
411     Fri. May 29, 2009          23          30          36          39          48          34     
410     Tue. May 26, 2009          9          18          21          37          55          33     
409     Fri. May 22, 2009          3          29          34          42          49          29     
408     Tue. May 19, 2009          2          4          9          15          42          13     
407     Fri. May 15, 2009          7          12          24          36          48          27     
406     Tue. May 12, 2009          4          8          10          14          51          31     
405     Fri. May 08, 2009          12          27          29          32          34          34     
404     Tue. May 05, 2009          5          23          38          39          54          3     
403     Fri. May 01, 2009          9          16          24          40          43          35     
402     Tue. Apr 28, 2009          15          20          24          36          44          6     
401     Fri. Apr 24, 2009          9          20          21          48          49          7     
400     Tue. Apr 21, 2009          5          24          37          47          52          6     
399     Fri. Apr 17, 2009          5          13          26          35          45          32     
398     Tue. Apr 14, 2009          4          11          22          48          50          42     
397     Fri. Apr 10, 2009          18          25          36          42          51          22     
396     Tue. Apr 07, 2009          2          4          13          17          36          15     
395     Fri. Apr 03, 2009          16          22          38          39          48          42     
394     Tue. Mar 31, 2009          14          39          47          48          53          29     
393     Fri. Mar 27, 2009          10          15          24          38          50          19     
392     Tue. Mar 24, 2009          4          25          34          43          44          45     
391     Fri. Mar 20, 2009          15          16          20          39          40          26     
390     Tue. Mar 17, 2009          9          15          24          28          31          17     
389     Fri. Mar 13, 2009          10          12          26          46          50          23     
388     Tue. Mar 10, 2009          2          27          31          39          40          23     
387     Fri. Mar 06, 2009          11          18          37          46          55          45     
386     Tue. Mar 03, 2009          26          32          35          43          52          10     
385     Fri. Feb 27, 2009          24          37          44          50          56          35     
384     Tue. Feb 24, 2009          1          27          28          35          40          6     
383     Fri. Feb 20, 2009          21          28          41          45          55          24     
382     Tue. Feb 17, 2009          1          9          23          27          33          24     
381     Fri. Feb 13, 2009          25          36          37          40          51          20     
380     Tue. Feb 10, 2009          18          29          38          43          47          7     
379     Fri. Feb 06, 2009          2          12          18          28          31          3     
378     Tue. Feb 03, 2009          4          15          29          43          56          29     
377     Fri. Jan 30, 2009          13          16          19          53          55          2     
376     Tue. Jan 27, 2009          3          11          12          14          21          25     
375     Fri. Jan 23, 2009          2          17          20          27          28          7     
374     Tue. Jan 20, 2009          1          9          10          35          46          9     
373     Fri. Jan 16, 2009          2          4          21          39          51          29     
372     Tue. Jan 13, 2009          22          25          33          36          48          40     
371     Fri. Jan 09, 2009          23          25          30          45          50          8     
370     Tue. Jan 06, 2009          3          11          12          19          33          30     
369     Fri. Jan 02, 2009          2          11          19          21          34          38     
368     Tue. Dec 30, 2008          1          22          29          44          52          39     
367     Fri. Dec 26, 2008          6          19          29          33          37          31     
366     Tue. Dec 23, 2008          1          8          13          27          41          45     
365     Fri. Dec 19, 2008          3          13          16          39          54          32     
364     Tue. Dec 16, 2008          10          14          16          29          40          6     
363     Fri. Dec 12, 2008          10          16          19          27          48          25     
362     Tue. Dec 09, 2008          11          12          26          31          33          27     
361     Fri. Dec 05, 2008          21          27          46          52          55          14     
360     Tue. Dec 02, 2008          2          17          22          32          51          35     
359     Fri. Nov 28, 2008          10          30          44          46          48          44     
358     Tue. Nov 25, 2008          2          11          22          51          52          46     
357     Fri. Nov 21, 2008          1          22          52          53          56          45     
356     Tue. Nov 18, 2008          10          15          22          52          53          12     
355     Fri. Nov 14, 2008          3          18          19          30          34          3     
354     Tue. Nov 11, 2008          5          27          38          42          55          41     
353     Fri. Nov 07, 2008          14          24          32          43          44          21     
352     Tue. Nov 04, 2008          10          21          23          41          55          9     
351     Fri. Oct 31, 2008          2          7          17          29          47          40     
350     Tue. Oct 28, 2008          6          39          45          46          48          36     
349     Fri. Oct 24, 2008          5          33          34          47          52          18     
348     Tue. Oct 21, 2008          16          19          39          42          44          38     
347     Fri. Oct 17, 2008          7          15          27          28          31          35     
346     Tue. Oct 14, 2008          14          35          41          42          51          23     
345     Fri. Oct 10, 2008          14          15          43          46          48          21     
344     Tue. Oct 07, 2008          2          25          35          38          42          34     
343     Fri. Oct 03, 2008          13          28          32          41          52          16     
342     Tue. Sep 30, 2008          9          30          35          39          49          36     
341     Fri. Sep 26, 2008          6          13          14          31          36          36     
340     Tue. Sep 23, 2008          9          32          34          43          52          4     
339     Fri. Sep 19, 2008          2          9          41          48          51          37     
338     Tue. Sep 16, 2008          13          24          39          51          52          44     
337     Fri. Sep 12, 2008          1          12          14          25          35          38     
336     Tue. Sep 09, 2008          22          23          28          49          52          2     
335     Fri. Sep 05, 2008          1          6          15          27          46          39     
334     Tue. Sep 02, 2008          14          23          43          44          54          39     
333     Fri. Aug 29, 2008          21          25          26          50          51          22     
332     Tue. Aug 26, 2008          6          16          24          34          36          30     
331     Fri. Aug 22, 2008          12          13          15          41          42          37     
330     Tue. Aug 19, 2008          9          18          19          26          40          38     
329     Fri. Aug 15, 2008          8          23          29          30          53          7     
328     Tue. Aug 12, 2008          2          7          23          38          40          40     
327     Fri. Aug 08, 2008          11          17          28          32          50          33     
326     Tue. Aug 05, 2008          9          21          36          38          55          13     
325     Fri. Aug 01, 2008          9          13          17          18          56          2     
324     Tue. Jul 29, 2008          11          13          20          30          42          3     
323     Fri. Jul 25, 2008          2          16          19          35          52          17     
322     Tue. Jul 22, 2008          2          16          23          29          32          46     
321     Fri. Jul 18, 2008          17          29          36          53          55          26     
320     Tue. Jul 15, 2008          19          24          34          45          51          40     
319     Fri. Jul 11, 2008          5          14          16          39          51          34     
318     Tue. Jul 08, 2008          1          20          22          29          41          35     
317     Fri. Jul 04, 2008          1          3          12          19          20          28     
316     Tue. Jul 01, 2008          1          22          33          43          52          36     
315     Fri. Jun 27, 2008          8          14          22          39          50          44     
314     Tue. Jun 24, 2008          10          22          36          50          53          39     
313     Fri. Jun 20, 2008          11          17          25          36          42          13     
312     Tue. Jun 17, 2008          5          14          25          47          49          36     
311     Fri. Jun 13, 2008          8          9          14          38          44          36     
310     Tue. Jun 10, 2008          3          5          15          43          51          11     
309     Fri. Jun 06, 2008          8          9          43          44          54          27     
308     Tue. Jun 03, 2008          4          19          24          32          54          5     
307     Fri. May 30, 2008          39          40          47          53          55          32     
306     Tue. May 27, 2008          14          24          32          45          49          17     
305     Fri. May 23, 2008          4          8          11          22          30          4     
304     Tue. May 20, 2008          2          14          26          32          41          32     
303     Fri. May 16, 2008          6          11          39          46          47          26     
302     Tue. May 13, 2008          20          24          27          31          47          15     
301     Fri. May 09, 2008          16          31          43          46          56          22     
300     Tue. May 06, 2008          4          21          46          53          54          26     
299     Fri. May 02, 2008          8          28          37          53          55          26     
298     Tue. Apr 29, 2008          19          24          35          44          51          26     
297     Fri. Apr 25, 2008          19          32          37          45          52          41     
296     Tue. Apr 22, 2008          3          22          31          48          54          9     
295     Fri. Apr 18, 2008          24          28          36          50          53          29     
294     Tue. Apr 15, 2008          12          13          27          48          50          30     
293     Fri. Apr 11, 2008          14          18          27          31          42          7     
292     Tue. Apr 08, 2008          8          9          31          37          44          38     
291     Fri. Apr 04, 2008          3          5          40          45          49          17     
290     Tue. Apr 01, 2008          4          17          26          46          56          25     
289     Fri. Mar 28, 2008          7          26          27          40          43          10     
288     Tue. Mar 25, 2008          38          42          43          48          53          12     
287     Fri. Mar 21, 2008          5          8          17          19          41          21     
286     Tue. Mar 18, 2008          13          15          20          25          44          37     
285     Fri. Mar 14, 2008          3          12          18          25          52          21     
284     Tue. Mar 11, 2008          4          13          35          41          47          44     
283     Fri. Mar 07, 2008          19          32          33          41          48          12     
282     Tue. Mar 04, 2008          7          15          30          33          56          22     
281     Fri. Feb 29, 2008          5          17          22          26          55          38     
280     Tue. Feb 26, 2008          9          12          30          36          55          15     
279     Fri. Feb 22, 2008          7          12          13          19          22          10     
278     Tue. Feb 19, 2008          1          38          42          55          56          34     
277     Fri. Feb 15, 2008          7          11          26          30          53          14     
276     Tue. Feb 12, 2008          14          27          39          47          50          12     
275     Fri. Feb 08, 2008          21          30          43          46          50          18     
274     Tue. Feb 05, 2008          4          5          17          40          51          38     
273     Fri. Feb 01, 2008          3          14          30          44          56          5     
272     Tue. Jan 29, 2008          8          23          39          40          42          24     
271     Fri. Jan 25, 2008          5          12          22          38          56          22     
270     Tue. Jan 22, 2008          12          15          22          25          33          2     
269     Fri. Jan 18, 2008          12          22          33          43          44          15     
268     Tue. Jan 15, 2008          21          30          42          44          50          6     
267     Fri. Jan 11, 2008          22          36          42          45          55          42     
266     Tue. Jan 08, 2008          10          29          45          52          54          10     
265     Fri. Jan 04, 2008          24          31          39          40          56          32     
264     Tue. Jan 01, 2008          13          16          25          30          54          11     
263     Fri. Dec 28, 2007          2          19          22          28          54          25     
262     Tue. Dec 25, 2007          19          36          37          48          52          8     
261     Fri. Dec 21, 2007          14          19          20          43          53          7     
260     Tue. Dec 18, 2007          3          23          46          48          49          2     
259     Fri. Dec 14, 2007          4          7          12          17          30          44     
258     Tue. Dec 11, 2007          6          25          27          30          45          46     
257     Fri. Dec 07, 2007          12          18          26          28          51          35     
256     Tue. Dec 04, 2007          16          27          30          45          53          43     
255     Fri. Nov 30, 2007          5          6          12          26          51          7     
254     Tue. Nov 27, 2007          9          10          26          29          39          10     
253     Fri. Nov 23, 2007          18          21          33          42          56          11     
252     Tue. Nov 20, 2007          14          20          23          42          43          6     
251     Fri. Nov 16, 2007          12          13          30          31          39          29     
250     Tue. Nov 13, 2007          15          26          36          39          40          45     
249     Fri. Nov 09, 2007          11          33          41          42          46          21     
248     Tue. Nov 06, 2007          3          17          43          46          47          2     
247     Fri. Nov 02, 2007          1          3          34          49          52          19     
246     Tue. Oct 30, 2007          2          8          44          46          51          22     
245     Fri. Oct 26, 2007          12          20          24          38          51          3     
244     Tue. Oct 23, 2007          2          7          45          52          53          18     
243     Fri. Oct 19, 2007          5          15          18          23          46          14     
242     Tue. Oct 16, 2007          1          2          5          41          44          25     
241     Fri. Oct 12, 2007          21          26          34          44          54          23     
240     Tue. Oct 09, 2007          1          10          17          32          51          44     
239     Fri. Oct 05, 2007          10          19          37          40          48          1     
238     Tue. Oct 02, 2007          28          37          40          43          44          20     
237     Fri. Sep 28, 2007          4          13          20          25          33          42     
236     Tue. Sep 25, 2007          2          19          23          47          54          16     
235     Fri. Sep 21, 2007          5          21          23          33          45          43     
234     Tue. Sep 18, 2007          20          24          31          34          49          8     
233     Fri. Sep 14, 2007          5          9          12          33          40          27     
232     Tue. Sep 11, 2007          9          10          17          21          35          6     
231     Fri. Sep 07, 2007          14          19          27          34          48          3     
230     Tue. Sep 04, 2007          3          6          11          42          46          38     
229     Fri. Aug 31, 2007          8          18          22          40          44          11     
228     Tue. Aug 28, 2007          37          40          48          53          56          44     
227     Fri. Aug 24, 2007          4          21          46          51          53          5     
226     Tue. Aug 21, 2007          8          38          54          55          56          2     
225     Fri. Aug 17, 2007          2          8          33          38          53          12     
224     Tue. Aug 14, 2007          5          8          9          24          34          17     
223     Fri. Aug 10, 2007          10          20          32          33          54          39     
222     Tue. Aug 07, 2007          36          41          50          55          56          9     
221     Fri. Aug 03, 2007          16          29          42          46          51          40     
220     Tue. Jul 31, 2007          5          18          37          39          43          42     
219     Fri. Jul 27, 2007          7          12          35          54          55          2     
218     Tue. Jul 24, 2007          8          17          20          23          50          17     
217     Fri. Jul 20, 2007          6          13          30          41          52          26     
216     Tue. Jul 17, 2007          16          30          38          46          51          5     
215     Fri. Jul 13, 2007          7          39          41          48          53          21     
214     Tue. Jul 10, 2007          19          24          30          34          56          19     
213     Fri. Jul 06, 2007          3          9          12          25          47          37     
212     Tue. Jul 03, 2007          21          35          37          39          40          35     
211     Fri. Jun 29, 2007          1          17          40          51          52          7     
210     Tue. Jun 26, 2007          4          10          20          29          45          21     
209     Fri. Jun 22, 2007          11          14          21          24          31          23     
208     Tue. Jun 19, 2007          5          16          31          49          54          19     
207     Fri. Jun 15, 2007          1          5          16          26          30          21     
206     Tue. Jun 12, 2007          3          13          19          31          50          21     
205     Fri. Jun 08, 2007          6          26          29          31          39          31     
204     Tue. Jun 05, 2007          27          35          38          49          56          15     
203     Fri. Jun 01, 2007          12          19          29          32          48          9     
202     Tue. May 29, 2007          2          24          44          51          54          7     
201     Fri. May 25, 2007          10          14          22          42          43          1     
200     Tue. May 22, 2007          2          7          11          22          36          35     
199     Fri. May 18, 2007          13          23          24          30          44          5     
198     Tue. May 15, 2007          6          13          42          46          56          42     
197     Fri. May 11, 2007          28          30          33          48          54          25     
196     Tue. May 08, 2007          16          24          41          43          54          36     
195     Fri. May 04, 2007          4          9          20          45          55          34     
194     Tue. May 01, 2007          11          16          31          52          53          42     
193     Fri. Apr 27, 2007          5          7          26          38          56          15     
192     Tue. Apr 24, 2007          8          10          35          36          43          14     
191     Fri. Apr 20, 2007          1          9          10          23          53          40     
190     Tue. Apr 17, 2007          1          4          11          31          47          37     
189     Fri. Apr 13, 2007          11          14          21          25          26          33     
188     Tue. Apr 10, 2007          7          15          16          19          28          10     
187     Fri. Apr 06, 2007          24          32          34          36          39          6     
186     Tue. Apr 03, 2007          16          26          33          34          46          38     
185     Fri. Mar 30, 2007          15          23          37          48          53          22     
184     Tue. Mar 27, 2007          18          25          34          35          42          6     
183     Fri. Mar 23, 2007          18          21          35          51          53          36     
182     Tue. Mar 20, 2007          7          21          46          49          55          15     
181     Fri. Mar 16, 2007          17          25          36          40          43          9     
180     Tue. Mar 13, 2007          7          11          16          38          49          35     
179     Fri. Mar 09, 2007          10          13          25          42          43          30     
178     Tue. Mar 06, 2007          16          22          29          39          42          20     
177     Fri. Mar 02, 2007          14          21          33          35          51          43     
176     Tue. Feb 27, 2007          18          31          44          45          48          18     
175     Fri. Feb 23, 2007          3          18          21          38          50          43     
174     Tue. Feb 20, 2007          1          9          26          46          51          11     
173     Fri. Feb 16, 2007          17          35          40          46          48          41     
172     Tue. Feb 13, 2007          3          9          24          29          41          41     
171     Fri. Feb 09, 2007          32          39          46          48          49          41     
170     Tue. Feb 06, 2007          16          21          35          36          46          38     
169     Fri. Feb 02, 2007          22          33          35          40          53          15     
168     Tue. Jan 30, 2007          14          18          44          52          56          25     
167     Fri. Jan 26, 2007          16          17          36          49          54          14     
166     Tue. Jan 23, 2007          3          5          15          26          53          35     
165     Fri. Jan 19, 2007          4          28          30          31          35          17     
164     Tue. Jan 16, 2007          4          8          15          33          52          10     
163     Fri. Jan 12, 2007          12          14          26          40          42          22     
162     Tue. Jan 09, 2007          7          11          26          38          54          13     
161     Fri. Jan 05, 2007          2          12          44          46          51          6     
160     Tue. Jan 02, 2007          9          10          38          51          53          1     
159     Fri. Dec 29, 2006          3          4          10          39          50          29     
158     Tue. Dec 26, 2006          7          12          25          44          53          3     
157     Fri. Dec 22, 2006          5          12          15          25          34          43     
156     Tue. Dec 19, 2006          9          32          37          42          48          7     
155     Fri. Dec 15, 2006          6          7          17          28          40          39     
154     Tue. Dec 12, 2006          20          30          31          35          49          23     
153     Fri. Dec 08, 2006          1          15          29          32          45          8     
152     Tue. Dec 05, 2006          6          9          13          43          46          45     
151     Fri. Dec 01, 2006          16          22          23          37          53          35     
150     Tue. Nov 28, 2006          7          14          24          41          56          7     
149     Fri. Nov 24, 2006          14          35          40          47          48          35     
148     Tue. Nov 21, 2006          7          13          20          42          47          9     
147     Fri. Nov 17, 2006          5          19          25          30          50          42     
146     Tue. Nov 14, 2006          9          20          24          25          36          23     
145     Fri. Nov 10, 2006          11          42          52          53          55          28     
144     Tue. Nov 07, 2006          13          22          33          51          52          42     
143     Fri. Nov 03, 2006          8          10          22          25          55          22     
142     Tue. Oct 31, 2006          5          34          40          45          46          21     
141     Fri. Oct 27, 2006          15          22          26          30          32          31     
140     Tue. Oct 24, 2006          5          25          41          48          51          35     
139     Fri. Oct 20, 2006          9          13          23          29          54          34     
138     Tue. Oct 17, 2006          6          18          20          28          38          37     
137     Fri. Oct 13, 2006          24          27          42          47          50          8     
136     Tue. Oct 10, 2006          14          30          35          40          43          2     
135     Fri. Oct 06, 2006          1          11          20          21          46          18     
134     Tue. Oct 03, 2006          6          19          32          33          40          39     
133     Fri. Sep 29, 2006          3          25          43          45          55          40     
132     Tue. Sep 26, 2006          3          6          38          42          45          30     
131     Fri. Sep 22, 2006          7          12          17          22          43          16     
130     Tue. Sep 19, 2006          2          19          44          45          56          43     
129     Fri. Sep 15, 2006          6          26          33          39          55          1     
128     Tue. Sep 12, 2006          3          16          25          30          44          42     
127     Fri. Sep 08, 2006          9          17          34          52          53          2     
126     Tue. Sep 05, 2006          1          32          36          42          53          4     
125     Fri. Sep 01, 2006          5          6          51          53          55          12     
124     Tue. Aug 29, 2006          15          25          37          38          52          4     
123     Fri. Aug 25, 2006          17          24          35          46          54          33     
122     Tue. Aug 22, 2006          3          4          5          7          36          16     
121     Fri. Aug 18, 2006          5          12          13          46          50          10     
120     Tue. Aug 15, 2006          10          12          22          44          48          16     
119     Fri. Aug 11, 2006          14          16          38          40          49          29     
118     Tue. Aug 08, 2006          1          5          13          18          33          30     
117     Fri. Aug 04, 2006          2          24          31          50          55          44     
116     Tue. Aug 01, 2006          14          29          32          43          49          14     
115     Fri. Jul 28, 2006          2          13          23          32          35          4     
114     Tue. Jul 25, 2006          7          21          24          41          51          10     
113     Fri. Jul 21, 2006          18          26          35          36          43          24     
112     Tue. Jul 18, 2006          12          13          29          49          52          20     
111     Fri. Jul 14, 2006          13          25          26          28          56          39     
110     Tue. Jul 11, 2006          5          14          34          36          52          42     
109     Fri. Jul 07, 2006          7          15          27          46          56          39     
108     Tue. Jul 04, 2006          9          15          31          42          45          41     
107     Fri. Jun 30, 2006          20          40          46          48          54          27     
106     Tue. Jun 27, 2006          2          14          20          29          44          32     
105     Fri. Jun 23, 2006          13          17          24          34          56          24     
104     Tue. Jun 20, 2006          11          21          37          53          54          12     
103     Fri. Jun 16, 2006          27          30          36          38          45          13     
102     Tue. Jun 13, 2006          1          20          23          24          33          29     
101     Fri. Jun 09, 2006          8          17          18          26          47          37     
100     Tue. Jun 06, 2006          5          29          35          52          53          9     
99     Fri. Jun 02, 2006          3          10          18          36          38          41     
98     Tue. May 30, 2006          2          13          28          34          45          36     
97     Fri. May 26, 2006          12          14          20          47          48          24     
96     Tue. May 23, 2006          17          21          28          48          54          1     
95     Fri. May 19, 2006          5          12          31          51          56          1     
94     Tue. May 16, 2006          7          24          40          48          50          15     
93     Fri. May 12, 2006          6          36          39          45          52          45     
92     Tue. May 09, 2006          7          15          24          43          44          22     
91     Fri. May 05, 2006          8          20          39          53          55          10     
90     Tue. May 02, 2006          7          11          22          27          31          33     
89     Fri. Apr 28, 2006          16          29          32          36          55          12     
88     Tue. Apr 25, 2006          1          20          32          37          39          9     
87     Fri. Apr 21, 2006          2          4          7          27          41          4     
86     Tue. Apr 18, 2006          13          14          25          34          50          6     
85     Fri. Apr 14, 2006          8          10          18          29          33          10     
84     Tue. Apr 11, 2006          2          12          45          46          56          20     
83     Fri. Apr 07, 2006          1          18          31          46          52          37     
82     Tue. Apr 04, 2006          9          25          48          51          56          7     
81     Fri. Mar 31, 2006          4          7          19          50          52          15     
80     Tue. Mar 28, 2006          14          18          35          39          49          14     
79     Fri. Mar 24, 2006          1          2          17          47          49          19     
78     Tue. Mar 21, 2006          4          16          17          28          31          8     
77     Fri. Mar 17, 2006          8          11          23          48          52          5     
76     Tue. Mar 14, 2006          27          28          30          42          50          22     
75     Fri. Mar 10, 2006          4          17          18          51          54          31     
74     Tue. Mar 07, 2006          15          27          36          38          42          32     
73     Fri. Mar 03, 2006          25          29          38          39          46          4     
72     Tue. Feb 28, 2006          2          4          35          36          48          22     
71     Fri. Feb 24, 2006          3          5          12          16          34          27     
70     Tue. Feb 21, 2006          14          23          27          36          45          36     
69     Fri. Feb 17, 2006          16          25          31          43          46          28     
68     Tue. Feb 14, 2006          27          36          43          49          54          33     
67     Fri. Feb 10, 2006          24          39          40          43          46          2     
66     Tue. Feb 07, 2006          2          16          25          30          48          26     
65     Fri. Feb 03, 2006          29          31          32          41          52          42     
64     Tue. Jan 31, 2006          1          35          53          54          56          44     
63     Fri. Jan 27, 2006          2          7          8          18          29          46     
62     Tue. Jan 24, 2006          31          34          36          51          55          4     
61     Fri. Jan 20, 2006          18          22          28          44          53          46     
60     Tue. Jan 17, 2006          24          32          37          39          40          44     
59     Fri. Jan 13, 2006          5          21          27          44          53          36     
58     Tue. Jan 10, 2006          7          27          32          37          38          30     
57     Fri. Jan 06, 2006          8          11          28          37          53          12     
56     Tue. Jan 03, 2006          15          19          20          32          38          21     
55     Fri. Dec 30, 2005          14          20          25          40          44          37     
54     Tue. Dec 27, 2005          11          24          27          49          55          23     
53     Fri. Dec 23, 2005          10          37          39          49          54          8     
52     Tue. Dec 20, 2005          6          20          23          40          56          36     
51     Fri. Dec 16, 2005          14          25          26          31          56          17     
50     Tue. Dec 13, 2005          9          10          12          22          41          4     
49     Fri. Dec 09, 2005          14          15          31          32          43          20     
48     Tue. Dec 06, 2005          6          10          26          30          33          16     
47     Fri. Dec 02, 2005          3          12          21          38          44          45     
46     Tue. Nov 29, 2005          7          8          47          51          52          5     
45     Fri. Nov 25, 2005          5          25          31          33          34          41     
44     Tue. Nov 22, 2005          9          22          37          41          43          30     
43     Fri. Nov 18, 2005          8          18          21          42          46          11     
42     Tue. Nov 15, 2005          2          4          5          40          48          7     
41     Fri. Nov 11, 2005          9          14          34          50          51          40     
40     Tue. Nov 08, 2005          8          16          21          25          27          16     
39     Fri. Nov 04, 2005          7          9          41          53          54          38     
38     Tue. Nov 01, 2005          5          18          21          28          36          20     
37     Fri. Oct 28, 2005          8          17          25          28          53          1     
36     Tue. Oct 25, 2005          7          12          18          31          55          30     
35     Fri. Oct 21, 2005          11          17          28          29          36          42     
34     Tue. Oct 18, 2005          3          12          16          32          33          15     
33     Fri. Oct 14, 2005          6          20          24          25          34          44     
32     Tue. Oct 11, 2005          24          30          42          53          54          20     
31     Fri. Oct 07, 2005          2          4          23          27          36          37     
30     Tue. Oct 04, 2005          12          24          28          29          36          41     
29     Fri. Sep 30, 2005          1          3          14          30          52          10     
28     Tue. Sep 27, 2005          14          17          26          27          28          5     
27     Fri. Sep 23, 2005          6          7          20          41          51          38     
26     Tue. Sep 20, 2005          35          36          40          42          52          45     
25     Fri. Sep 16, 2005          5          16          41          46          50          1     
24     Tue. Sep 13, 2005          13          24          44          48          52          30     
23     Fri. Sep 09, 2005          15          28          43          51          52          11     
22     Tue. Sep 06, 2005          1          8          27          31          50          40     
21     Fri. Sep 02, 2005          1          4          14          45          53          33     
20     Tue. Aug 30, 2005          19          32          42          49          56          29     
19     Fri. Aug 26, 2005          5          20          38          47          54          35     
18     Tue. Aug 23, 2005          6          7          8          13          40          12     
17     Fri. Aug 19, 2005          2          13          18          36          46          36     
16     Tue. Aug 16, 2005          9          15          20          24          55          3     
15     Fri. Aug 12, 2005          8          37          38          45          54          21     
14     Tue. Aug 09, 2005          13          35          36          43          52          5     
13     Fri. Aug 05, 2005          3          5          48          50          53          4     
12     Tue. Aug 02, 2005          17          22          39          50          52          46     
11     Fri. Jul 29, 2005          4          16          23          25          40          22     
10     Tue. Jul 26, 2005          1          10          18          29          55          8     
9     Fri. Jul 22, 2005          7          18          27          35          54          34     
8     Tue. Jul 19, 2005          7          13          48          51          54          11     
7     Fri. Jul 15, 2005          9          13          25          36          48          2     
6     Tue. Jul 12, 2005          5          17          32          39          53          36     
5     Fri. Jul 08, 2005          9          23          45          48          50          3     
4     Tue. Jul 05, 2005          22          38          48          50          55          29     
3     Fri. Jul 01, 2005          14          25          41          42          50          40     
2     Tue. Jun 28, 2005          2          20          37          43          46          4     
1     Fri. Jun 24, 2005          14          43          44          50          56          7     
